# LDA Scalings (W matrix — rows = features)
feature_00: 0.100878 0.399788
feature_01: -0.059701 0.237694
feature_02: 0.085080 0.321574
feature_03: -0.195365 -0.286461
feature_04: 0.043829 -0.048034
feature_05: -0.200240 -0.063310
feature_06: 0.796649 -0.291489
feature_07: 0.091722 -0.066080
feature_08: -0.037538 -0.038364
feature_09: -0.296465 0.353773
feature_10: 0.056692 -0.194417
feature_11: 0.311509 0.106978
feature_12: 0.257335 0.571563

# Class means
class_1: 0.9446 -0.2947 0.2875 -0.8361 0.5164 0.9034 1.0207 -0.6644 0.5827 0.2105 0.3985 0.8542 1.1910
class_2: -0.8698 -0.4276 -0.4413 0.1966 -0.3304 -0.0019 0.0787 0.0201 0.0910 -0.8411 0.4910 0.2152 -0.7053
class_3: 0.1971 0.9586 0.3177 0.6621 -0.1040 -1.0227 -1.2735 0.7249 -0.7942 0.9887 -1.1690 -1.2838 -0.3225
