# LDA Scalings (W matrix — rows = features)
feature_00: 0.239091 0.497171
feature_01: -0.133356 0.200301
feature_02: 0.057070 0.264489
feature_03: -0.277192 -0.165036
feature_04: 0.108903 0.130492
feature_05: 0.154881 -0.062403
feature_06: 0.555610 -0.166003
feature_07: -0.087464 -0.081498
feature_08: 0.138064 -0.038425
feature_09: -0.241713 0.449155
feature_10: 0.256726 -0.322687
feature_11: 0.442522 -0.145543
feature_12: 0.391839 0.481520

# Class means
class_1: 0.9390 -0.2593 0.3280 -0.7575 0.5179 0.8378 0.9136 -0.5698 0.5595 0.2938 0.4443 0.7029 1.1084
class_2: -0.8926 -0.2831 -0.4003 0.3087 -0.4170 -0.1387 -0.0439 0.0944 -0.0614 -0.8464 0.3634 0.2040 -0.7766
class_3: 0.1009 0.8946 0.1894 0.6351 -0.0755 -1.0556 -1.3381 0.7179 -0.7594 1.0195 -1.3209 -1.4436 -0.3634
